run_id,failure_count,failure_rate,top_priority
20260926T175602446851Z-sarvam-application-local-variance-baseli-e2813aec,38,1.0,P0
20260926T175629144798Z-sarvam-application-local-variance-backen-8fa48b92,38,1.0,P0
20260926T175648617423Z-sarvam-application-local-variance-backen-e41fdb82,38,1.0,P0
